64
709 366 693 424
413 451 398 445
349 305 275 492
129 721 595 646
141 987 977 201
637 617 49 516
582 63 943 642
644 545 293 704
498 157 608 543
965 672 437 961
939 258 880 325
597 818 29 379
721 629 664 297
158 412 943 720
628 586 519 303
709 366 33 924
600 879 907 451
468 832 304 223
602 221 308 410
867 655 721 943
959 507 8 7
938 214 953 955
736 629 158 863
243 341 465 686
659 949 238 218
891 479 491 102
839 874 854 3
545 287 229 997
858 226 428 743
206 678 28 729
658 257 370 663
838 744 153 621
193 160 978 728
608 735 395 149
82 43 252 987
791 586 474 755
700 363 618 273
834 278 365 254
65 364 675 19
462 991 784 18
85 821 565 600
945 928 529 576
435 293 988 277
414 680 113 698
477 329 120 338
964 804 999 272
576 200 195 588
13 762 731 520
837 645 295 364
606 116 197 635
989 107 712 482
963 141 279 34
919 106 58 672
775 523 264 788
600 379 128 749
380 656 369 774
72 515 902 511
952 720 902 531
492 53 772 392
166 168 592 639
318 310 205 203
291 989 981 267
518 218 153 401
668 513 930 380
