32
60 270 417 406
844 194 237 534
104 986 868 617
970 881 413 770
939 611 944 906
278 406 893 798
292 194 508 152
26 737 769 251
899 731 982 40
414 139 102 476
90 481 836 413
303 358 55 825
12 768 52 651
458 969 951 349
519 371 7 850
31 968 535 785
972 236 405 720
320 60 878 724
397 355 532 156
799 719 996 492
874 568 332 164
511 23 898 183
467 770 765 609
795 840 971 88
495 901 538 957
584 143 314 881
782 407 817 278
708 866 230 986
141 420 638 846
527 701 345 24
835 141 328 743
59 996 690 866
