64
59 37 7 68
69 59 54 97
1 96 107 45
55 27 4 99
78 53 53 7
102 41 12 121
26 65 85 53
106 121 120 16
56 41 46 30
50 40 118 34
100 41 1 104
1 105 100 50
2 115 59 79
42 75 117 121
91 40 65 114
108 84 0 72
79 32 56 8
43 86 74 11
72 48 107 69
87 108 2 61
115 39 61 78
116 78 100 6
116 27 69 59
63 17 53 83
34 110 53 21
73 97 121 38
113 112 78 4
109 79 15 8
110 4 87 110
4 15 72 12
71 97 49 87
119 84 84 96
36 8 103 71
50 101 114 79
85 55 56 31
63 63 23 60
119 93 83 0
11 63 47 25
108 91 117 83
69 119 9 27
45 78 35 8
72 41 61 39
37 47 81 53
45 115 100 98
21 51 89 48
62 26 96 114
105 101 124 59
120 33 42 48
19 4 113 1
57 37 32 42
119 46 81 57
49 66 122 32
52 75 3 108
90 113 103 70
14 101 4 27
124 69 83 23
71 18 111 73
53 99 7 18
64 56 119 94
55 5 21 111
31 124 30 59
50 43 25 7
80 31 21 56
105 95 43 102
