64
197 654 306 477
945 740 666 920
733 439 745 578
77 745 721 591
85 114 21 693
734 368 728 28
75 772 540 94
759 695 174 376
363 514 500 967
565 759 647 711
525 567 704 360
429 63 148 708
659 454 252 888
1 108 100 827
248 455 964 841
104 469 969 648
760 27 465 702
399 663 40 555
716 287 426 352
249 255 996 176
226 1 594 110
43 245 418 86
728 290 1 799
70 748 707 516
144 44 506 73
190 171 723 846
36 823 757 188
489 747 247 779
946 3 521 122
657 60 416 342
784 293 952 97
459 928 203 688
147 897 561 95
698 548 356 618
478 895 985 472
177 960 373 888
835 835 614 596
806 839 223 659
779 721 688 630
882 513 301 886
38 723 955 129
777 555 447 525
529 270 95 42
125 993 717 168
207 50 415 89
866 837 308 482
526 310 439 628
67 37 221 786
481 747 717 978
648 401 256 642
57 628 950 370
811 185 633 619
973 962 35 284
44 929 293 563
893 973 18 439
169 940 9 67
813 999 359 896
244 218 29 809
373 571 736 691
239 833 364 637
850 223 307 653
784 120 417 404
359 110 950 103
859 158 709 835
