64
119 112 27 41
23 48 111 24
28 41 0 71
88 71 1 18
32 13 14 110
107 98 118 12
66 64 79 25
19 119 28 8
110 9 100 3
20 56 49 9
82 70 38 69
118 74 37 39
77 102 6 46
74 121 75 106
115 46 14 35
42 33 122 112
120 111 99 5
83 60 18 105
53 72 89 52
48 33 100 80
11 47 52 68
121 82 20 70
39 81 39 83
60 10 122 57
74 64 12 118
101 59 5 114
38 18 21 60
97 58 54 53
68 85 117 94
96 110 74 65
119 20 94 59
28 70 64 97
38 15 42 80
120 66 5 0
68 105 9 54
117 6 92 15
109 66 77 93
30 103 34 80
99 102 69 99
122 67 9 71
10 81 119 70
8 103 62 18
56 30 79 4
14 98 79 32
121 73 71 62
65 55 42 60
81 43 59 43
116 41 53 119
84 4 32 44
9 27 38 85
98 108 83 61
41 55 97 55
54 20 100 84
106 66 45 49
19 121 31 47
19 77 37 82
80 97 32 61
48 18 15 61
12 63 124 85
118 89 77 10
80 73 44 6
97 124 28 99
81 59 56 105
36 72 65 65
